sel ,mut ,s_ppq ,e_ppq ,leng ,chan ,pitch ,vel 
FALSE,FALSE,2998,3513,515,9,47,86
FALSE,FALSE,3869,4388,519,9,48,127
FALSE,FALSE,4848,5439,591,9,47,111
FALSE,FALSE,5824,6277,453,9,48,127
FALSE,FALSE,6720,7258,538,9,47,127
FALSE,FALSE,7659,8205,546,9,48,127
FALSE,FALSE,8551,9068,517,9,47,127
FALSE,FALSE,9597,10139,542,9,48,127
FALSE,FALSE,10541,11078,537,9,47,127
FALSE,FALSE,11505,12073,568,9,48,127
FALSE,FALSE,12428,12932,504,9,47,127
FALSE,FALSE,13399,13945,546,9,48,127
FALSE,FALSE,14302,14822,520,9,47,127
FALSE,FALSE,15366,15873,507,9,48,127
FALSE,FALSE,16373,16876,503,9,47,127
FALSE,FALSE,17382,17927,545,9,48,127
FALSE,FALSE,18273,18760,487,9,47,127
FALSE,FALSE,19295,19822,527,9,48,127
FALSE,FALSE,20142,20677,535,9,47,127
FALSE,FALSE,21176,21674,498,9,48,127
FALSE,FALSE,22044,22505,461,9,47,127
FALSE,FALSE,23095,23565,470,9,48,127
FALSE,FALSE,23848,24367,519,9,47,127
FALSE,FALSE,24987,25492,505,9,48,127
FALSE,FALSE,25841,26358,517,9,47,123
FALSE,FALSE,26898,27428,530,9,48,127
FALSE,FALSE,27803,28293,490,9,47,127
FALSE,FALSE,28881,29416,535,9,48,127
FALSE,FALSE,29710,30220,510,9,47,127
FALSE,FALSE,30788,31240,452,9,48,127
FALSE,FALSE,31689,32225,536,9,47,127
FALSE,FALSE,32627,33164,537,9,48,127
FALSE,FALSE,33562,34166,604,9,47,127
FALSE,FALSE,34586,35100,514,9,48,127
FALSE,FALSE,35434,35975,541,9,47,127
FALSE,FALSE,36551,37107,556,9,48,127
FALSE,FALSE,37395,37913,518,9,47,127
FALSE,FALSE,38377,38963,586,9,48,127
FALSE,FALSE,39342,39918,576,9,47,127
FALSE,FALSE,40415,40969,554,9,48,127
FALSE,FALSE,41400,41908,508,9,47,127
FALSE,FALSE,42382,42908,526,9,48,127
FALSE,FALSE,43305,43842,537,9,47,127
FALSE,FALSE,44258,44796,538,9,48,127
FALSE,FALSE,45138,45653,515,9,47,127
FALSE,FALSE,46093,46653,560,9,48,127
FALSE,FALSE,46989,47471,482,9,47,127
FALSE,FALSE,47944,48463,519,9,48,127
FALSE,FALSE,48825,49333,508,9,47,127
FALSE,FALSE,49759,50280,521,9,48,127
FALSE,FALSE,50627,51142,515,9,47,127
FALSE,FALSE,50673,51142,469,9,47,89
FALSE,FALSE,51706,52212,506,9,48,127
FALSE,FALSE,52442,52955,513,9,47,127
FALSE,FALSE,52530,52955,425,9,47,90
FALSE,FALSE,53461,54025,564,9,48,127
FALSE,FALSE,53513,54025,512,9,48,108
FALSE,FALSE,54550,55086,536,9,47,127
FALSE,FALSE,55445,55956,511,9,48,127
FALSE,FALSE,56313,56826,513,9,47,127
FALSE,FALSE,57276,57877,601,9,48,127
FALSE,FALSE,58252,58706,454,9,47,127
FALSE,FALSE,59152,59687,535,9,48,127
FALSE,FALSE,60088,60644,556,9,47,127
FALSE,FALSE,61023,61645,622,9,48,127
FALSE,FALSE,61903,62497,594,9,47,127
FALSE,FALSE,62888,63453,565,9,48,127
FALSE,FALSE,63780,64320,540,9,47,127
FALSE,FALSE,63825,64320,495,9,47,101
FALSE,FALSE,64749,65263,514,9,48,127
FALSE,FALSE,65661,66242,581,9,47,127
FALSE,FALSE,65752,66242,490,9,47,92
FALSE,FALSE,66682,67182,500,9,48,127
FALSE,FALSE,67588,68137,549,9,47,127
FALSE,FALSE,68580,69116,536,9,48,127
FALSE,FALSE,69505,70071,566,9,47,127
FALSE,FALSE,70553,71010,457,9,48,127
FALSE,FALSE,71365,71881,516,9,47,127
FALSE,FALSE,72393,72932,539,9,48,127
FALSE,FALSE,73281,73820,539,9,47,127
FALSE,FALSE,74214,74756,542,9,48,127
FALSE,FALSE,75068,75631,563,9,47,127
FALSE,FALSE,76138,76681,543,9,48,127
FALSE,FALSE,76972,77486,514,9,47,127
FALSE,FALSE,78014,78501,487,9,48,127
FALSE,FALSE,78832,79378,546,9,47,127
FALSE,FALSE,79858,80357,499,9,48,127
FALSE,FALSE,80723,81234,511,9,47,127
FALSE,FALSE,81702,82246,544,9,48,127
FALSE,FALSE,82493,83048,555,9,47,127
FALSE,FALSE,83602,84104,502,9,48,127
FALSE,FALSE,84455,84977,522,9,47,127
FALSE,FALSE,85438,85990,552,9,48,127
FALSE,FALSE,86347,86873,526,9,47,127
FALSE,FALSE,87361,87851,490,9,48,127
FALSE,FALSE,88184,88725,541,9,47,127
FALSE,FALSE,89163,89661,498,9,48,127
FALSE,FALSE,90032,90538,506,9,47,127
FALSE,FALSE,91055,91600,545,9,48,127
FALSE,FALSE,91839,92356,517,9,47,127
FALSE,FALSE,92901,93409,508,9,48,127
FALSE,FALSE,93837,94345,508,9,47,127
FALSE,FALSE,94806,95346,540,9,48,127
FALSE,FALSE,95916,96467,551,9,47,127
FALSE,FALSE,96793,97352,559,9,48,127
FALSE,FALSE,97579,98113,534,9,47,127
FALSE,FALSE,98607,99164,557,9,48,127
FALSE,FALSE,99530,100031,501,9,47,120
FALSE,FALSE,100508,101016,508,9,48,127
FALSE,FALSE,101416,101956,540,9,47,127
FALSE,FALSE,102397,102911,514,9,48,127
FALSE,FALSE,103262,103776,514,9,47,127
FALSE,FALSE,104264,104765,501,9,48,127
FALSE,FALSE,105246,105785,539,9,47,127
FALSE,FALSE,106231,106766,535,9,48,127
FALSE,FALSE,107033,107641,608,9,47,125
FALSE,FALSE,108025,108593,568,9,48,127
FALSE,FALSE,108923,109451,528,9,47,127
FALSE,FALSE,109984,110511,527,9,48,127
FALSE,FALSE,110931,111457,526,9,47,119
FALSE,FALSE,111827,112339,512,9,48,127
FALSE,FALSE,112834,113392,558,9,47,127
FALSE,FALSE,113899,114445,546,9,48,127
FALSE,FALSE,114780,115326,546,9,47,127
FALSE,FALSE,115763,116262,499,9,48,127
FALSE,FALSE,116569,117020,451,9,47,127
FALSE,FALSE,117679,118192,513,9,48,127
FALSE,FALSE,118580,119147,567,9,47,127
FALSE,FALSE,119600,120128,528,9,48,127
FALSE,FALSE,120492,121002,510,9,47,127
FALSE,FALSE,120538,121002,464,9,47,84
FALSE,FALSE,121536,122013,477,9,48,127
FALSE,FALSE,122359,122876,517,9,47,127
FALSE,FALSE,123395,123944,549,9,48,127
FALSE,FALSE,124233,124747,514,9,47,127
FALSE,FALSE,125274,125758,484,9,48,127
FALSE,FALSE,126059,126560,501,9,47,127
FALSE,FALSE,127140,127696,556,9,48,127
FALSE,FALSE,128075,128675,600,9,47,123
FALSE,FALSE,128162,128675,513,9,47,72
FALSE,FALSE,129102,129632,530,9,48,127
FALSE,FALSE,129982,130484,502,9,47,127
FALSE,FALSE,130929,131438,509,9,48,127
FALSE,FALSE,131893,132421,528,9,47,119
FALSE,FALSE,132812,133378,566,9,48,127
FALSE,FALSE,133783,134312,529,9,47,102
FALSE,FALSE,134662,135190,528,9,48,127
FALSE,FALSE,135682,136239,557,9,47,102
FALSE,FALSE,136558,137106,548,9,48,127
FALSE,FALSE,137493,138059,566,9,47,127
FALSE,FALSE,138467,138916,449,9,48,127
FALSE,FALSE,139473,139986,513,9,47,125
FALSE,FALSE,140470,140969,499,9,48,127
FALSE,FALSE,141406,141925,519,9,47,122
FALSE,FALSE,142400,142859,459,9,48,127
FALSE,FALSE,143367,143909,542,9,47,127
FALSE,FALSE,144301,144795,494,9,48,127
FALSE,FALSE,145270,145785,515,9,47,127
FALSE,FALSE,146235,146801,566,9,48,127
FALSE,FALSE,147421,147970,549,9,47,108
