sel ,mut ,s_ppq ,e_ppq ,leng ,chan ,pitch ,vel 
FALSE,FALSE,3866,4138,272,9,47,127
FALSE,FALSE,4823,5100,277,9,47,127
FALSE,FALSE,4845,5100,255,9,48,127
FALSE,FALSE,5745,6005,260,9,48,127
FALSE,FALSE,5843,6103,260,9,47,127
FALSE,FALSE,6704,6973,269,9,48,127
FALSE,FALSE,6777,7014,237,9,47,127
FALSE,FALSE,7620,7884,264,9,48,127
FALSE,FALSE,7707,7976,269,9,47,127
FALSE,FALSE,8561,8846,285,9,48,127
FALSE,FALSE,8668,8945,277,9,47,127
FALSE,FALSE,9448,9716,268,9,48,127
FALSE,FALSE,9642,9905,263,9,47,127
FALSE,FALSE,10372,10625,253,9,48,127
FALSE,FALSE,10574,10855,281,9,47,127
FALSE,FALSE,11271,11529,258,9,48,127
FALSE,FALSE,11513,11778,265,9,47,127
FALSE,FALSE,12231,12501,270,9,48,127
FALSE,FALSE,12500,12724,224,9,47,122
FALSE,FALSE,13170,13463,293,9,48,61
FALSE,FALSE,13476,13749,273,9,47,127
FALSE,FALSE,14303,14566,263,9,48,127
FALSE,FALSE,14401,14655,254,9,47,125
FALSE,FALSE,15289,15560,271,9,48,127
FALSE,FALSE,15366,15619,253,9,47,127
FALSE,FALSE,16248,16524,276,9,47,127
FALSE,FALSE,16316,16586,270,9,48,127
FALSE,FALSE,17249,17528,279,9,48,127
FALSE,FALSE,17254,17528,274,9,47,127
FALSE,FALSE,18230,18497,267,9,47,127
FALSE,FALSE,18247,18497,250,9,48,127
FALSE,FALSE,19211,19463,252,9,48,127
FALSE,FALSE,19256,19500,244,9,47,127
FALSE,FALSE,20175,20421,246,9,48,127
FALSE,FALSE,20207,20459,252,9,47,127
FALSE,FALSE,21136,21373,237,9,47,127
FALSE,FALSE,21139,21373,234,9,48,127
FALSE,FALSE,22113,22394,281,9,48,127
FALSE,FALSE,22116,22394,278,9,47,127
FALSE,FALSE,23046,23300,254,9,48,127
FALSE,FALSE,23052,23334,282,9,47,127
FALSE,FALSE,24025,24299,274,9,48,127
FALSE,FALSE,24025,24299,274,9,47,127
FALSE,FALSE,25004,25271,267,9,48,127
FALSE,FALSE,25006,25271,265,9,47,127
FALSE,FALSE,25926,26176,250,9,48,127
FALSE,FALSE,25964,26231,267,9,47,127
FALSE,FALSE,26876,27141,265,9,48,127
FALSE,FALSE,26901,27193,292,9,47,127
FALSE,FALSE,27842,28108,266,9,47,127
FALSE,FALSE,27847,28107,260,9,48,127
FALSE,FALSE,28773,29066,293,9,48,127
FALSE,FALSE,28834,29108,274,9,47,127
FALSE,FALSE,29754,30022,268,9,47,127
FALSE,FALSE,29754,30022,268,9,48,127
FALSE,FALSE,30680,30939,259,9,48,127
FALSE,FALSE,30716,30980,264,9,47,127
FALSE,FALSE,31656,31892,236,9,47,127
FALSE,FALSE,31665,31939,274,9,48,127
FALSE,FALSE,32585,32853,268,9,47,127
FALSE,FALSE,32639,32911,272,9,48,127
FALSE,FALSE,33494,33766,272,9,48,127
FALSE,FALSE,33578,33854,276,9,47,127
FALSE,FALSE,34467,34724,257,9,48,127
FALSE,FALSE,34525,34782,257,9,47,127
FALSE,FALSE,35460,35728,268,9,48,127
FALSE,FALSE,35492,35728,236,9,47,127
FALSE,FALSE,36420,36690,270,9,48,127
FALSE,FALSE,36469,36748,279,9,47,127
FALSE,FALSE,37399,37663,264,9,47,127
FALSE,FALSE,37447,37698,251,9,48,127
FALSE,FALSE,38338,38622,284,9,48,127
FALSE,FALSE,38375,38622,247,9,47,127
FALSE,FALSE,39283,39533,250,9,48,127
FALSE,FALSE,39362,39629,267,9,47,127
FALSE,FALSE,40242,40495,253,9,48,127
FALSE,FALSE,40253,40534,281,9,47,127
FALSE,FALSE,41193,41441,248,9,48,127
FALSE,FALSE,41194,41441,247,9,47,127
FALSE,FALSE,42104,42368,264,9,47,127
FALSE,FALSE,42127,42414,287,9,48,127
FALSE,FALSE,43040,43330,290,9,47,127
FALSE,FALSE,43065,43330,265,9,48,127
FALSE,FALSE,44003,44283,280,9,48,127
FALSE,FALSE,44059,44334,275,9,47,127
FALSE,FALSE,44979,45244,265,9,48,127
FALSE,FALSE,44988,45244,256,9,47,127
FALSE,FALSE,45960,46208,248,9,48,127
FALSE,FALSE,45971,46245,274,9,47,127
FALSE,FALSE,46845,47119,274,9,48,127
FALSE,FALSE,46963,47208,245,9,47,127
FALSE,FALSE,47810,48078,268,9,48,127
FALSE,FALSE,47855,48122,267,9,47,127
FALSE,FALSE,48724,48992,268,9,48,127
FALSE,FALSE,48794,49049,255,9,47,127
FALSE,FALSE,49638,49898,260,9,48,127
FALSE,FALSE,49734,49993,259,9,47,127
FALSE,FALSE,50615,50863,248,9,48,127
FALSE,FALSE,50678,50958,280,9,47,127
FALSE,FALSE,51572,51824,252,9,48,127
FALSE,FALSE,51600,51867,267,9,47,127
FALSE,FALSE,52481,52736,255,9,47,127
FALSE,FALSE,52556,52829,273,9,48,127
FALSE,FALSE,53459,53740,281,9,47,127
FALSE,FALSE,53462,53740,278,9,48,127
FALSE,FALSE,54396,54670,274,9,48,127
FALSE,FALSE,54436,54705,269,9,47,127
FALSE,FALSE,55289,55514,225,9,48,127
FALSE,FALSE,55331,55612,281,9,47,127
FALSE,FALSE,56223,56481,258,9,48,127
FALSE,FALSE,56236,56540,304,9,47,127
FALSE,FALSE,57166,57393,227,9,48,127
FALSE,FALSE,57209,57484,275,9,47,127
FALSE,FALSE,58057,58319,262,9,48,127
FALSE,FALSE,58109,58354,245,9,47,127
FALSE,FALSE,58992,59264,272,9,48,127
FALSE,FALSE,59956,60228,272,9,48,127
FALSE,FALSE,60013,60283,270,9,47,127
FALSE,FALSE,60830,61097,267,9,48,127
FALSE,FALSE,60952,61232,280,9,47,127
FALSE,FALSE,61743,62007,264,9,48,127
FALSE,FALSE,61911,62156,245,9,47,127
FALSE,FALSE,62728,63013,285,9,48,127
FALSE,FALSE,62815,63070,255,9,47,127
FALSE,FALSE,63704,63974,270,9,48,127
FALSE,FALSE,63759,64029,270,9,47,127
FALSE,FALSE,64657,64943,286,9,48,127
FALSE,FALSE,64707,64979,272,9,47,127
FALSE,FALSE,65556,65809,253,9,48,127
FALSE,FALSE,65741,66000,259,9,47,127
FALSE,FALSE,66532,66813,281,9,48,127
FALSE,FALSE,66577,66849,272,9,47,127
FALSE,FALSE,67431,67687,256,9,48,127
FALSE,FALSE,67449,67718,269,9,47,127
FALSE,FALSE,68327,68591,264,9,48,127
FALSE,FALSE,68368,68630,262,9,47,127
FALSE,FALSE,69232,69499,267,9,48,127
FALSE,FALSE,69292,69551,259,9,47,127
FALSE,FALSE,70124,70403,279,9,48,127
FALSE,FALSE,70217,70503,286,9,47,127
FALSE,FALSE,71038,71331,293,9,48,127
FALSE,FALSE,71075,71331,256,9,47,127
FALSE,FALSE,71916,72179,263,9,47,127
FALSE,FALSE,71970,72241,271,9,48,127
FALSE,FALSE,72821,73097,276,9,48,127
FALSE,FALSE,72851,73097,246,9,47,127
FALSE,FALSE,73760,74020,260,9,48,127
FALSE,FALSE,73779,74057,278,9,47,127
FALSE,FALSE,74649,74932,283,9,48,127
FALSE,FALSE,74743,75023,280,9,47,127
FALSE,FALSE,75541,75795,254,9,48,127
FALSE,FALSE,75629,75894,265,9,47,127
FALSE,FALSE,76466,76744,278,9,48,127
FALSE,FALSE,76528,76808,280,9,47,127
FALSE,FALSE,77346,77615,269,9,48,127
FALSE,FALSE,78241,78523,282,9,48,127
FALSE,FALSE,78324,78581,257,9,47,127
FALSE,FALSE,79101,79330,229,9,48,127
FALSE,FALSE,79223,79486,263,9,47,120
FALSE,FALSE,79939,80199,260,9,48,127
FALSE,FALSE,80122,80400,278,9,47,127
FALSE,FALSE,80805,81082,277,9,48,127
FALSE,FALSE,80991,81269,278,9,47,127
FALSE,FALSE,81734,81987,253,9,48,127
FALSE,FALSE,81863,82133,270,9,47,127
FALSE,FALSE,82609,82896,287,9,48,127
FALSE,FALSE,82685,82950,265,9,47,127
FALSE,FALSE,83469,83723,254,9,48,127
FALSE,FALSE,83585,83856,271,9,47,127
FALSE,FALSE,84368,84635,267,9,48,127
FALSE,FALSE,84440,84729,289,9,47,127
FALSE,FALSE,85282,85542,260,9,48,127
FALSE,FALSE,85288,85542,254,9,47,127
FALSE,FALSE,86165,86448,283,9,48,127
FALSE,FALSE,86227,86507,280,9,47,127
FALSE,FALSE,87043,87327,284,9,48,127
FALSE,FALSE,87118,87355,237,9,47,127
FALSE,FALSE,87917,88187,270,9,48,127
FALSE,FALSE,88029,88286,257,9,47,127
FALSE,FALSE,88820,89102,282,9,48,127
FALSE,FALSE,88915,89197,282,9,47,127
FALSE,FALSE,89706,89971,265,9,48,127
FALSE,FALSE,89809,90060,251,9,47,127
FALSE,FALSE,90511,90784,273,9,48,127
FALSE,FALSE,90661,90913,252,9,47,127
FALSE,FALSE,91367,91635,268,9,48,127
FALSE,FALSE,91514,91788,274,9,47,117
FALSE,FALSE,92251,92505,254,9,48,114
